1号线
#E70012
富锦路
121.424661
31.39226
友谊西路
121.427726
31.381227
宝安公路
121.430975
31.369369
共富新村
121.433936
31.355004
呼兰路
121.437711
31.339703
通河新村
121.441498
31.331094
共康路
121.447455
31.318642
彭浦新村
121.448141
31.305883
汶水路
121.449858
31.292242
上海马戏城
121.452004
31.279846
延长路
121.455265
31.271409
中山北路
121.459128
31.258717
上海火车站
121.455523
31.249692
汉中路
121.459128
31.2414
新闸路
121.467882
31.238538
人民广场
121.472989
31.232814
黄陂南路
121.47329
31.222502
陕西南路
121.460115
31.217107
常熟路
121.451059
31.213033
衡山路
121.446725
31.20426
徐家汇
121.438056
31.191522
上海体育馆
121.436511
31.181903
漕宝路
121.43458
31.168097
上海南站
121.43046
31.154693
锦江乐园
121.414324
31.142059
莲花路
121.402994
31.130929
外环路
121.393167
31.120936
莘庄
121.385184
31.111237
0
1
1
2
2
3
3
4
4
5
5
6
6
7
7
8
8
9
9
10
10
11
11
12
12
13
13
14
14
15
15
16
16
17
17
18
18
19
19
20
20
21
21
22
22
23
23
24
24
25
25
26
26
27

2号线
#008000
浦东国际机场
121.806436
31.149596
海天三路
121.796878
31.168459
远东大道
121.755346
31.199485
凌空路
121.723791
31.192826
川沙
121.69821
31.186741
华夏东路
121.681098
31.196553
创新中路
121.673133
31.214327
唐镇
121.656269
31.214107
广兰路
121.619354
31.211042
金科路
121.601662
31.204405
张江高科
121.587687
31.201832
龙阳路
121.557884
31.204102
世纪公园
121.552556
31.215723
上海科技馆
121.544439
31.21882
世纪大道
121.527221
31.228764
东昌路
121.515556
31.23327
陆家嘴
121.502937
31.237991
南京东路
121.475137
31.232781
人民广场
121.472894
31.232943
南京西路
121.459971
31.229853
静安寺
121.445314
31.223493
江苏路
121.430635
31.220408
中山公园
121.416649
31.219879
娄山关路
121.404058
31.211158
威宁路
121.387285
31.21487
北新泾
121.373994
31.216357
淞虹路
121.359588
31.218212
虹桥2号航站楼
121.327625
31.194014
虹桥火车站
121.318911
31.193987
徐泾东
121.299204
31.188367
0
1
1
2
2
3
3
4
4
5
5
6
6
7
7
8
8
9
9
10
10
11
11
12
12
13
13
14
14
15
15
16
16
17
17
18
18
19
19
20
20
21
21
22
22
23
23
24
24
25
25
26
26
27
27
28
28
29

3号线
#FFD100
上海南站
121.430041
31.154579
石龙路
121.443205
31.157949
龙漕路
121.444346
31.16961
漕溪路
121.43841
31.176746
宜山路
121.427817
31.186164
虹桥路
121.420814
31.197524
延安西路
121.417062
31.209616
中山公园
121.415683
31.218026
金沙江路
121.41342
31.232338
曹杨路
121.417454
31.238943
镇坪路
121.429856
31.246135
中潭路
121.441143
31.254316
上海火车站
121.458052
31.24929
宝山路
121.476076
31.251491
东宝兴路
121.480024
31.259782
虹口足球场
121.479252
31.269613
赤峰路
121.482427
31.280984
大柏树
121.483286
31.289273
江湾镇
121.485174
31.305518
殷高西路
121.484616
31.319927
长江南路
121.491182
31.331878
淞发路
121.500409
31.344817
张华浜
121.498521
31.3579
淞滨路
121.492556
31.371019
水产路
121.488178
31.381095
宝杨路
121.479466
31.395126
友谊路
121.475904
31.403844
铁力路
121.460798
31.407947
江杨北路
121.439984
31.407617
0
1
1
2
2
3
3
4
4
5
5
6
6
7
7
8
8
9
9
10
10
11
11
12
12
13
13
14
14
15
15
16
16
17
17
18
18
19
19
20
20
21
21
22
22
23
23
24
24
25
25
26
26
27
27
28

4号线
#471E86
宜山路
121.427194
31.186717
上海体育馆
121.436721
31.182311
上海体育场
121.443588
31.184955
东安路
121.454917
31.190021
大木桥路
121.463844
31.194353
鲁班路
121.474487
31.198685
西藏南路
121.489507
31.201621
南浦大桥
121.499635
31.207935
塘桥
121.51869
31.209623
蓝村路
121.527627
31.211672
浦电路(4号线)
121.532044
31.222246
世纪大道
121.527444
31.228561
浦东大道
121.51929
31.239423
杨树浦路
121.51723
31.251898
大连路
121.51354
31.257474
临平路
121.500923
31.260189
海伦路
121.488735
31.258868
宝山路
121.47689
31.251237
上海火车站
121.455947
31.249476
中潭路
121.441184
31.254319
镇坪路
121.431829
31.246321
曹杨路
121.417667
31.237735
金沙江路
121.411315
31.230836
中山公园
121.415607
31.217551
延安西路
121.41698
31.20955
虹桥路
121.422216
31.195968
0
1
1
2
2
3
3
4
4
5
5
6
6
7
7
8
8
9
9
10
10
11
11
12
12
13
13
14
14
15
15
16
16
17
17
18
18
19
19
20
20
21
21
22
22
23
23
24
24
25
25
0

5号线
#9253B2
莘庄
121.385379
31.111193
春申路
121.385937
31.098112
银都路
121.390143
31.089365
颛桥
121.401944
31.066945
北桥
121.409755
31.045033
剑川路
121.416578
31.026243
东川路
121.420012
31.018225
金平路
121.410313
31.011237
华宁路
121.395292
31.007265
文井路
121.38083
31.003366
闵行开发区
121.369715
31.000423
0
1
1
2
2
3
3
4
4
5
5
6
6
7
7
8
8
9
9
10

6号线
#D7006C
港城路
121.574752
31.353005
外高桥保税区北
121.586768
31.347764
航津路
121.593892
31.33532
外高桥保税区南
121.601874
31.321427
洲海路
121.589386
31.312261
五洲大道
121.589129
31.302618
东靖路
121.588528
31.290736
巨峰路
121.588399
31.280651
五莲路
121.588013
31.271775
博兴路
121.586768
31.263154
金桥路
121.581533
31.256955
云山路
121.572778
31.250057
德平路
121.564324
31.245324
北洋泾路
121.551921
31.238867
民生路
121.543638
31.235454
源深体育中心
121.534798
31.232775
世纪大道
121.527373
31.228298
浦电路(6号线)
121.529104
31.22008
蓝村路
121.527846
31.211526
上海儿童医学中心
121.523297
31.203194
临沂新村
121.516516
31.193356
高科西路
121.509778
31.185793
东明路
121.51098
31.172465
高青路
121.515658
31.159466
华夏西路
121.514327
31.14977
上南路
121.50613
31.148779
灵岩南路
121.495316
31.148558
东方体育中心
121.480209
31.153223
0
1
1
2
2
3
3
4
4
5
5
6
6
7
7
8
8
9
9
10
10
11
11
12
12
13
13
14
14
15
15
16
16
17
17
18
18
19
19
20
20
21
21
22
22
23
23
24
24
25
25
26
26
27

7号线
#FF7F00
花木路
121.562754
31.211212
龙阳路
121.557304
31.20321
芳华路
121.550094
31.193005
锦绣路
121.53988
31.187278
杨高南路
121.525074
31.187278
高科西路
121.509711
31.185846
云台路
121.500527
31.181991
耀华路
121.494054
31.182001
长清路
121.486117
31.174611
后滩
	121.473748
31.171967
龙华中路
121.456968
31.183864
东安路
121.45465
31.190399
肇嘉浜路
121.450273
31.199393
常熟路
121.449028
31.213121
静安寺
121.44847
31.222736
昌平路
121.442806
31.233305
长寿路
121.4383
31.240497
镇坪路
121.431776
31.246258
岚皋路
121.422035
31.256164
新村路
121.422721
31.263684
大华三路
121.423022
31.273955
行知路
121.421348
31.284885
大场镇
121.416541
31.293026
场中路
121.413537
31.303404
上大路
121.408559
31.314807
南陈路
121.398817
31.321296
上海大学
121.389076
31.320416
祁华路
121.373626
31.322066
顾村公园
121.373025
31.344463
刘行
121.362425
31.3574
潘广路
121.355988
31.364107
罗南新村
121.35749
31.388838
美兰湖
121.350237
31.401623
0
1
1
2
2
3
3
4
4
5
5
6
6
7
7
8
8
9
9
10
10
11
11
12
12
13
13
14
14
15
15
16
16
17
17
18
18
19
19
20
20
21
21
22
22
23
23
24
24
25
25
26
26
27
27
28
28
29
29
30
30
31
31
32

8号线
#0000FF
沈杜公路
121.512272
31.061427
联航路
121.510737
31.07297
江月路
121.508076
31.084143
浦江镇
121.505844
31.096345
芦恒路
121.497862
31.119126
凌兆新村
121.489451
31.14102
东方体育中心
121.480181
31.152847
杨思
121.493399
31.16078
成山路
121.496146
31.170474
耀华路
121.494515
31.178038
中华艺术宫
121.493571
31.184941
西藏南路
121.489537
31.20146
陆家浜路
121.486447
31.211151
老西门
121.483271
31.218638
大世界
121.479409
31.227006
人民广场
121.474774
31.232437
曲阜路
121.470654
31.241977
中兴路
121.469281
31.252911
西藏北路
121.469023
31.263183
虹口足球场
121.47855
31.271693
曲阳路
121.490996
31.276168
四平路
121.501467
31.274847
鞍山新村
121.509878
31.27338
江浦路
121.518118
31.27448
黄兴路
121.528504
31.278442
延吉中路
121.534684
31.288344
黄兴公园
121.53331
31.295239
翔殷路
121.532109
31.304699
嫩江路
121.531508
31.314526
市光路
121.531765
31.322445
0
1
1
2
2
3
3
4
4
5
5
6
6
7
7
8
8
9
9
10
10
11
11
12
12
13
13
14
14
15
15
16
16
17
17
18
18
19
19
20
20
21
21
22
22
23
23
24
24
25
25
26
26
27
27
28
28
29

9号线
#7ac8ee
杨高中路
121.548664
31.22751
世纪大道
121.527221
31.228764
商城路
121.516428
31.23014
小南门
121.498446
31.216837
陆家浜路
121.486215
31.21179
马当路
121.477182
31.209514
打浦桥
121.468792
31.206211
嘉善路
121.460659
31.202614
肇嘉浜路
121.450317
31.199218
徐家汇
121.436884
31.195199
宜山路
121.427314
31.184387
桂林路
121.417916
31.174767
漕河泾开发区
121.397853
31.170508
合川路
121.384828
31.166469
星中路
121.368971
31.157986
七宝
121.34923
31.15525
中春路
121.337642
31.149373
九亭
121.319296
31.137252
泗泾
121.260288
31.117562
佘山
121.229732
31.103599
洞泾
121.23059
31.084269
松江大学城
121.231706
31.053539
松江新城
121.230676
31.0303
松江体育中心
121.230333
31.015884
醉白池
121.229361
31.001125
松江南站
121.229903
30.982482
0
1
1
2
2
3
3
4
4
5
5
6
6
7
7
8
8
9
9
10
10
11
11
12
12
13
13
14
14
15
15
16
16
17
17
18
18
19
19
20
20
21
21
22
22
23
23
24
24
25

10号线
#C7AFD3
新江湾城
121.506951
31.328496
殷高东路
121.506779
31.321714
三门路
121.508453
31.313245
江湾体育场
121.514247
31.302648
五角场
121.514805
31.297955
国权路
121.510084
31.289373
同济大学
121.506393
31.282075
四平路
121.501501
31.27474
邮电新村
121.49442
31.268247
海伦路
121.488583
31.259186
四川北路
121.484163
31.251886
天潼路
121.482489
31.243814
南京东路
121.484592
31.238163
豫园
121.487296
31.227705
老西门
121.48382
31.219081
新天地
121.475365
31.216181
陕西南路
121.458542
31.215007
上海图书馆
121.444338
31.207923
交通大学
121.435282
31.202013
虹桥路
121.422622
31.19625
宋园路
121.411936
31.19647
伊犁路
121.403868
31.19871
水城路
121.392195
31.19926
龙溪路
121.38005
31.194231
上海动物园
121.367905
31.190119
虹桥1号航站楼
121.347263
31.191363
虹桥2号航站楼
121.326385
31.194226
虹桥火车站
121.319025
31.193919
龙柏新村
121.370266
31.176994
紫藤路
121.364472
31.169687
航中路
121.355159
31.165354
0
1
1
2
2
3
3
4
4
5
5
6
6
7
7
8
8
9
9
10
10
11
11
12
12
13
13
14
14
15
15
16
16
17
17
18
18
19
19
20
20
21
21
22
22
23
23
24
24
25
25
26
26
27
23
28
28
29
29
30

11号线
#841C21
迪士尼
121.668162
31.141355
康新公路
121.616857
31.1305
秀沿路
121.598146
31.137994
罗山路
121.592824
31.153053
御桥
121.570766
31.157974
浦三路
121.539266
31.150629
三林东
121.522999
31.146459
三林
121.511628
31.143063
东方体育中心
121.480214
31.153127
龙耀路
121.459722
31.159866
云锦路
121.458435
31.166255
龙华
121.453113
31.172498
上海游泳馆
121.441011
31.178593
徐家汇
121.435947
31.193719
交通大学
121.435089
31.202089
江苏路
121.430711
31.220661
隆德路
121.423244
31.230349
曹杨路
121.417493
31.237541
枫桥路
121.411142
31.241724
真如
121.406936
31.250677
上海西站
121.402816
31.26249
李子园
121.390199
31.269019
祁连山路
121.376037
31.271514
武威路
121.364708
31.276429
桃浦新村
121.349773
31.28127
南翔
121.322393
31.2966
马陆
121.277074
31.319479
嘉定新城
121.254158
31.329964
上海赛车场
121.225919
31.33198
昌吉东路
121.20017
31.293739
上海汽车城
121.180472
31.285524
安亭
121.161976
31.288458
兆丰路
121.15026
31.289082
光明路
121.117043
31.29605
花桥
121.104211
31.298727
白银路
121.245489
31.344919
嘉定西
121.227378
31.376874
嘉定北
121.237507
31.391529
0
1
1
2
2
3
3
4
4
5
5
6
6
7
7
8
8
9
9
10
10
11
11
12
12
13
13
14
14
15
15
16
16
17
17
18
18
19
19
20
20
21
21
22
22
23
23
24
24
25
25
26
26
27
27
28
28
29
29
30
30
31
31
32
32
33
33
34
27
35
35
36
36
37

12号线
#057B69
七莘路
121.362464
31.131638
虹莘路
121.380488
31.137442
顾戴路
121.391732
31.140748
东兰路
121.39199
31.155659
虹梅路
121.397258
31.16025
虹漕路
121.410561
31.164014
桂林公园
121.419509
31.16664
漕宝路
121.432684
31.168145
龙漕路
121.444443
31.169357
龙华
121.452683
31.175012
龙华中路
121.456931
31.184778
大木桥路
121.463369
31.193883
嘉善路
121.460751
31.20273
陕西南路
121.459388
31.216132
南京西路
121.459292
31.227577
汉中路
121.458519
31.241668
曲阜路
121.471437
31.242292
天潼路
121.482466
31.24376
国际客运中心
121.497787
31.250034
提篮桥
121.50667
31.253299
大连路
121.513108
31.257775
江浦公园
121.523622
31.264561
宁国路
121.532248
31.26856
隆昌路
121.54465
31.275199
爱国路
121.552761
31.2796
复兴岛
121.561216
31.280627
东陆路
121.578983
31.282241
巨峰路
121.589669
31.28004
杨高北路
121.602886
31.279894
金京路
121.615718
31.27949
申江路
121.626705
31.280114
金海路
121.638635
31.263131
0
1
1
2
2
3
3
4
4
5
5
6
6
7
7
8
8
9
9
10
10
11
11
12
12
13
13
14
14
15
15
16
16
17
17
18
18
19
19
20
20
21
21
22
22
23
23
24
24
25
25
26
26
27
27
28
28
29
29
30
30
31

13号线
#E77DAD
金运路
121.319308
31.240986
金沙江西路
121.335144
31.240913
丰庄
121.354928
31.242637
祁连山南路
121.367202
31.23772
真北路
121.382093
31.232069
大渡河路
121.394195
31.231849
金沙江路
121.411576
31.231042
隆德路
121.423163
31.230235
武宁路
121.430158
31.234088
长寿路
121.438441
31.240913
江宁路
121.444621
31.244178
汉中路
121.458654
31.241646
自然博物馆
121.462259
31.236326
南京西路
121.462388
31.228546
淮海中路
121.464405
31.220326
新天地
121.475219
31.216472
马当路
121.476893
31.209609
世博会博物馆
121.4817
31.197606
世博大道
121.484275
31.182811
0
1
1
2
2
3
3
4
4
5
5
6
6
7
7
8
8
9
9
10
10
11
11
12
12
13
13
14
14
15
15
16
16
17
17
18

16号线
#89CFBD
龙阳路
121.557634
31.203575
华夏中路
121.583109
31.175759
罗山路
121.593254
31.15342
周浦东
121.606643
31.11022
鹤沙航城
121.611536
31.077146
航头东
121.617286
31.054795
新场
121.648615
31.045383
野生动物园
121.698825
31.049795
惠南
121.761482
31.053472
惠南东
121.793325
31.026262
书院
121.849973
30.959086
临港大道
121.911085
30.923382
滴水湖
121.929109
30.907256
0
1
1
2
2
3
3
4
4
5
5
6
6
7
7
8
8
9
9
10
10
11
11
12
